Payload,T0_Scint_Min,T0_Scint_Max,T1_Mag_Min,T1_Mag_Max,T2_ChargeCont_Min,T2_ChargeCont_Max,T3_Battery_Min,T3_Battery_Max,T4_PowerConv_Min,T4_PowerConv_Max,T5_DPU_Min,T5_DPU_Max,T6_Modem_Min,T6_Modem_Max,T7_Structure_Min,T7_Structure_Max,T8_Solar1_Min,T8_Solar1_Max,T9_Solar2_Min,T9_Solar2_Max,T10_Solar3_Min,T10_Solar3_Max,T11_Solar4_Min,T11_Solar4_Max,T12_TermTemp_Min,T12_TermTemp_Max,,,,
A,-30,40,-30,40,-30,40,-30,40,-30,40,-30,40,-30,40,-30,40,-40,100,-40,100,-40,100,-40,100,-40,50,,,,
B,-30,40,-30,40,-30,40,-30,40,-30,40,-30,40,-30,40,-30,40,-40,100,-40,100,-40,100,-40,100,-40,50,,,,
C,-30,40,-30,40,-30,40,-30,40,-30,40,-30,40,-30,40,-30,40,-40,110,-40,110,-40,110,-40,110,-30,250,,,,
D,-30,40,-30,40,-30,60,-30,40,-30,40,-30,40,-30,40,-30,40,-30,60,-30,60,-30,60,-30,60,-30,250,,,,
E,0,30,0,10,0,30,0,15,0,10,0,10,0,20,0,10,0,30,0,10,0,15,0,30,0,250,,,,
F,-30,40,-30,40,-30,58,-30,45,-30,50,-30,40,-30,45,-30,40,-40,110,-40,110,-40,110,-40,110,-30,250,,,,
G,0,30,0,10,0,30,0,15,0,10,0,10,0,20,0,10,0,30,0,10,0,15,0,30,0,250,,,,
H,0,30,0,10,0,30,0,15,0,10,0,10,0,20,0,10,0,30,0,10,0,15,0,30,0,250,,,,
I,0,30,0,10,0,30,0,15,0,10,0,10,0,20,0,10,0,30,0,10,0,15,0,30,0,250,,,,
J,0,30,0,10,0,30,0,15,0,10,0,10,0,20,0,10,0,30,0,10,0,15,0,30,0,250,,,,
K,0,30,0,10,0,30,0,15,0,10,0,10,0,20,0,10,0,30,0,10,0,15,0,30,0,250,,,,
L,0,30,0,10,0,30,0,15,0,10,0,10,0,20,0,10,0,30,0,10,0,15,0,30,0,250,,,,
M,0,30,0,10,0,30,0,15,0,10,0,10,0,20,0,10,0,30,0,10,0,15,0,30,0,250,,,,
N,0,30,0,10,0,30,0,15,0,10,0,10,0,20,0,10,0,30,0,10,0,15,0,30,0,250,,,,
O,0,30,0,10,0,30,0,15,0,10,0,10,0,20,0,10,0,30,0,10,0,15,0,30,0,250,,,,
P,0,30,0,10,0,30,0,15,0,10,0,10,0,20,0,10,0,30,0,10,0,15,0,30,0,250,,,,
Q,0,30,0,10,0,30,0,15,0,10,0,10,0,20,0,10,0,30,0,10,0,15,0,30,0,250,,,,
R,0,30,0,10,0,30,0,15,0,10,0,10,0,20,0,10,0,30,0,10,0,15,0,30,0,250,,,,
S,0,30,0,10,0,30,0,15,0,10,0,10,0,20,0,10,0,30,0,10,0,15,0,30,0,250,,,,
T,0,30,0,10,0,30,0,15,0,10,0,10,0,20,0,10,0,30,0,10,0,15,0,30,0,250,,,,
