Payload,V0_VoltAtLoad_Min,V0_VoltAtLoad_Max,V1_Battery_Min,V1_Battery_Max,V2_Solar1_Min,V2_Solar1_Max,V3_DPU_Min,V3_DPU_Max,V4_XRayDet_Min,V4_XRayDet_Max,V5_Modem_Min,V5_Modem_Max,V6_XRayDet_Min,V6_XRayDet_Max,V7_DPU_Min,V7_DPU_Max,V8_Mag_Min,V8_Mag_Max,V9_Solar2_Min,V9_Solar2_Max,V10_Solar3_Min,V10_Solar3_Max,V11_Solar4_Min,V11_Solar4_Max,V12_TermBat_Min,V12_TermBat_Max,V13_TermCap_Min,V13_TermCap_Max,V14_ChargeCont_Min,V14_ChargeCont_Max,,,,
A,10,20,0,20,0,40,4.7,5.3,4.7,5.3,4.0,4.8,-5.3,-4.7,-5.3,-4.7,4.7,5.3,0,40,0,40,0,40,0,40,0,40,4.7,5.3,,,,
B,12,15,12,15,12,40,4.7,5.3,4.7,5.3,12,15,-5.3,-4.7,-5.3,-4.7,4.7,5.3,12,40,12,40,12,40,13,16,0,1,4.7,5.3,,,,
C,10,20,0,20,0,40,4.7,5.3,4.7,5.3,4.0,4.8,-5.3,-4.7,-5.3,-4.7,4.7,5.3,0,40,0,40,0,40,0,40,0,40,0,10,,,,
D,10,20,0,20,0,40,4.7,5.3,4.7,5.3,4.0,4.8,-5.3,-4.7,-5.3,-4.7,4.7,5.3,0,40,0,40,0,40,0,40,0,40,0,10,,,,
E,0,20,0,20,0,40,0,10,0,10,0,10,-10,0,-10,0,0,10,0,40,0,40,0,40,0,40,0,40,0,10,,,,
F,10,20,0,20,0,40,4.7,5.3,4.7,5.3,4.0,4.8,-5.3,-4.7,-5.3,-4.7,4.7,5.3,0,40,0,40,0,40,0,40,0,40,0,10,,,,
G,0,20,0,20,0,40,0,10,0,10,0,10,-10,0,-10,0,0,10,0,40,0,40,0,40,0,40,0,40,0,10,,,,
H,0,20,0,20,0,40,0,10,0,10,0,10,-10,00,-10,0,0,10,0,40,0,40,0,40,0,40,0,40,0,10,,,,
I,0,20,0,20,0,40,0,10,0,10,0,10,-10,0,-10,0,0,10,0,40,0,40,0,40,0,40,0,40,0,10,,,,
J,0,20,0,20,0,40,0,10,0,10,0,10,-10,0,-10,0,0,10,0,40,0,40,0,40,0,40,0,40,0,10,,,,
K,0,20,0,20,0,40,0,10,0,10,0,10,-10,0,-10,0,0,10,0,40,0,40,0,40,0,40,0,40,0,10,,,,
L,0,20,0,20,0,40,0,10,0,10,0,10,-10,0,-10,0,0,10,0,40,0,40,0,40,0,40,0,40,0,10,,,,
M,0,20,0,20,0,40,0,10,0,10,0,10,-10,0,-10,0,0,10,0,40,0,40,0,40,0,40,0,40,0,10,,,,
N,0,20,0,20,0,40,0,10,0,10,0,10,-10,0,-10,0,0,10,0,40,0,40,0,40,0,40,0,40,0,10,,,,
O,0,20,0,20,0,40,0,10,0,10,0,10,-10,0,-10,0,0,10,0,40,0,40,0,40,0,40,0,40,0,10,,,,
P,0,20,0,20,0,40,0,10,0,10,0,10,-10,0,-10,0,0,10,0,40,0,40,0,40,0,40,0,40,0,10,,,,
Q,0,20,0,20,0,40,0,10,0,10,0,10,-10,0,-10,0,0,10,0,40,0,40,0,40,0,40,0,40,0,10,,,,
R,0,20,0,20,0,40,0,10,0,10,0,10,-10,0,-10,0,0,10,0,40,0,40,0,40,0,40,0,40,0,10,,,,
S,0,20,0,20,0,40,0,10,0,10,0,10,-10,0,-10,0,0,10,0,40,0,40,0,40,0,40,0,40,0,10,,,,
T,0,20,0,20,0,40,0,10,0,10,0,10,-10,0,-10,0,0,10,0,40,0,40,0,40,0,40,0,40,0,10,,,,
